"V1","V2","V3","V4","V5","V6","V7","V8"
1,-0.00269702017631083,-0.397474377035274,0.733545479224592,0.572763774100306,-0.324316179569533,-0.266045493750139,0.95213038067305
-0.00269702017631083,1,0.918681932530481,-0.681616283198265,-0.821262250345753,0.946819985290966,-0.963239437951647,-0.308259030956575
-0.397474377035274,0.918681932530481,1,-0.915212555290379,-0.979845313760787,0.996922489784809,-0.778796659041065,-0.658954675825447
0.733545479224592,-0.681616283198265,-0.915212555290379,1,0.977263403303668,-0.880805616099344,0.459989982081856,0.90619171466197
0.572763774100306,-0.821262250345753,-0.979845313760787,0.977263403303668,1,-0.961170109295878,0.637796917612785,0.795927968891605
-0.324316179569533,0.946819985290966,0.996922489784809,-0.880805616099344,-0.961170109295878,1,-0.825574336029503,-0.597960464832296
-0.266045493750139,-0.963239437951647,-0.778796659041065,0.459989982081856,0.637796917612785,-0.825574336029503,1,0.0413652276370008
0.95213038067305,-0.308259030956575,-0.658954675825447,0.90619171466197,0.795927968891605,-0.597960464832296,0.0413652276370008,1
