"V1","V2","V3","V4","V5","V6","V7","V8","V9"
1,-0.144270602450018,-0.20880761782374,0.736211655628509,-0.043900669435027,0.299882263060168,0.050978590185489,-0.395156685529832,-0.292700918023676
-0.144270602450018,1,0.299772550648027,-0.394803282692316,-0.342734605314849,-0.26528136432709,-0.540375636105587,-0.282735492551392,0.340232900727709
-0.20880761782374,0.299772550648027,1,-0.615628440817999,-0.771101600403237,-0.226006370868626,-0.349291951304263,-0.37454245328601,0.117030947277393
0.736211655628509,-0.394803282692316,-0.615628440817999,1,0.388669822981183,0.448962569081337,0.262914215581505,0.120242641187346,0.0708166225600513
-0.043900669435027,-0.342734605314849,-0.771101600403237,0.388669822981183,1,0.397208017316201,0.569167101238172,0.235101746806994,-0.230374763276869
0.299882263060168,-0.26528136432709,-0.226006370868626,0.448962569081337,0.397208017316201,1,0.776931851018681,0.299780019992134,-0.271027204939448
0.050978590185489,-0.540375636105587,-0.349291951304263,0.262914215581505,0.569167101238172,0.776931851018681,1,0.508286727919175,-0.526287867232269
-0.395156685529832,-0.282735492551392,-0.37454245328601,0.120242641187346,0.235101746806994,0.299780019992134,0.508286727919175,1,0.248316436732427
-0.292700918023676,0.340232900727709,0.117030947277393,0.0708166225600513,-0.230374763276869,-0.271027204939448,-0.526287867232269,0.248316436732427,1
