"V1","V2","V3","V4","V5","V6","V7","V8"
1,0.34490799157242,-0.317346613262013,-0.281197928788257,-0.247257892411479,0.0342694943101872,0.336198799583124,-0.068484494918944
0.34490799157242,1,-0.00854468794161166,0.214656119665257,-0.352651153141673,-0.155552992499491,-0.10077607091154,-0.218162590697501
-0.317346613262013,-0.00854468794161166,1,0.487379699918577,0.592990360842762,0.337609327995133,0.477699647810043,0.553762427989708
-0.281197928788257,0.214656119665257,0.487379699918577,1,0.369795643094709,-0.0446126913893292,-0.108931398268402,-0.00468189016412855
-0.247257892411479,-0.352651153141673,0.592990360842762,0.369795643094709,1,0.168632545625898,0.219170084895282,0.168017961463806
0.0342694943101872,-0.155552992499491,0.337609327995133,-0.0446126913893292,0.168632545625898,1,0.871189704744721,0.93383215099423
0.336198799583124,-0.10077607091154,0.477699647810043,-0.108931398268402,0.219170084895282,0.871189704744721,1,0.895518109376163
-0.068484494918944,-0.218162590697501,0.553762427989708,-0.00468189016412855,0.168017961463806,0.93383215099423,0.895518109376163,1
