"V1","V2","V3","V4","V5","V6","V7","V8"
1,0.776486661143939,0.332144324758149,-0.379107461807292,-0.55847234791362,0.232665949965268,0.348804024851067,-0.412294026317835
0.776486661143939,1,0.560403673415341,-0.466979512734345,-0.257694263018061,0.127296747262339,0.0930859506234828,-0.177815431252147
0.332144324758149,0.560403673415341,1,-0.250787630346556,-0.335621665235333,-0.544964825285428,-0.225473731810445,0.378897016262298
-0.379107461807292,-0.466979512734345,-0.250787630346556,1,0.126572442312369,-0.631290477274316,-0.74697162693336,-0.534748344016305
-0.55847234791362,-0.257694263018061,-0.335621665235333,0.126572442312369,1,-0.00583350237460317,0.0672892397191058,0.040279377098534
0.232665949965268,0.127296747262339,-0.544964825285428,-0.631290477274316,-0.00583350237460317,1,0.727425351390261,-0.00211161770916392
0.348804024851067,0.0930859506234828,-0.225473731810445,-0.74697162693336,0.0672892397191058,0.727425351390261,1,0.18293881001397
-0.412294026317835,-0.177815431252147,0.378897016262298,-0.534748344016305,0.040279377098534,-0.00211161770916392,0.18293881001397,1
