"V1","V2","V3","V4","V5","V6","V7","V8","V9"
1,-0.134720955052404,-0.430047941148351,-0.902481840188085,-0.702563020428733,0.644946533130069,-0.0267002651726551,0.505871379569243,0.671407083460425
-0.134720955052404,1,-0.836639221726427,-0.305217992014714,-0.61048412667064,0.670372859327504,0.994127397295271,0.786593536412643,-0.82478527065425
-0.430047941148351,-0.836639221726427,1,0.77697421686782,0.944592005022204,-0.967307316970982,-0.89100179389961,-0.996317498329332,0.380322170654161
-0.902481840188085,-0.305217992014714,0.77697421686782,1,0.940565618392979,-0.91122672792606,-0.406477839304908,-0.828089466080865,-0.286725097565518
-0.702563020428733,-0.61048412667064,0.944592005022204,0.940565618392979,1,-0.996956465925044,-0.692609207112079,-0.969257603411354,0.0556689184308361
0.644946533130069,0.670372859327504,-0.967307316970982,-0.91122672792606,-0.996956465925044,1,0.746734992161092,0.98548961817622,-0.133338872551985
-0.0267002651726551,0.994127397295271,-0.89100179389961,-0.406477839304908,-0.692609207112079,0.746734992161092,1,0.848794485571073,-0.758751282656449
0.505871379569243,0.786593536412643,-0.996317498329332,-0.828089466080865,-0.969257603411354,0.98548961817622,0.848794485571073,1,-0.299624133910769
0.671407083460425,-0.82478527065425,0.380322170654161,-0.286725097565518,0.0556689184308361,-0.133338872551985,-0.758751282656449,-0.299624133910769,1
