"V1","V2","V3","V4","V5","V6","V7","V8","V9"
1,0.0599110650892618,-0.461356269332385,0.280545338703033,-0.290758989082832,0.129343297304598,0.279379471334596,0.678456119953647,0.507190071844956
0.0599110650892618,1,-0.450893722197822,-0.175525332228158,-0.757406960383807,0.561491588418436,0.202839937293467,-0.193782084298713,-0.463621199136172
-0.461356269332385,-0.450893722197822,1,-0.36522997168155,0.684463000051811,-0.728217793296002,-0.658501931359251,0.295482759189071,-0.122031891459842
0.280545338703033,-0.175525332228158,-0.36522997168155,1,0.316650643305584,-0.166074352823037,-0.316280621026235,-0.0480048962056076,0.118144531265509
-0.290758989082832,-0.757406960383807,0.684463000051811,0.316650643305584,1,-0.663324894883309,-0.775401174332635,0.103724693952411,0.126344845591033
0.129343297304598,0.561491588418436,-0.728217793296002,-0.166074352823037,-0.663324894883309,1,0.614432019407366,-0.489437092660736,0.079414877011071
0.279379471334596,0.202839937293467,-0.658501931359251,-0.316280621026235,-0.775401174332635,0.614432019407366,1,-0.161981628511727,0.227043057759407
0.678456119953647,-0.193782084298713,0.295482759189071,-0.0480048962056076,0.103724693952411,-0.489437092660736,-0.161981628511727,1,0.407211442434786
0.507190071844956,-0.463621199136172,-0.122031891459842,0.118144531265509,0.126344845591033,0.079414877011071,0.227043057759407,0.407211442434786,1
