"V1","V2","V3","V4","V5","V6"
1,0.668676237968773,0.999821562928491,-0.882330124973776,0.191494007569213,0.338327789982764
0.668676237968773,1,0.65451099133962,-0.240053762497714,0.857840815506678,0.925936835773666
0.999821562928491,0.65451099133962,1,-0.891063031511294,0.172919155318345,0.320491140581488
-0.882330124973776,-0.240053762497714,-0.891063031511294,1,0.292960481649316,0.144360312323311
0.191494007569213,0.857840815506678,0.172919155318345,0.292960481649316,1,0.988401193504727
0.338327789982764,0.925936835773666,0.320491140581488,0.144360312323311,0.988401193504727,1
