"V1","V2","V3","V4","V5","V6","V7","V8"
1,0.828173066247737,-0.853901440444587,-0.0407085579015534,-0.834662136330854,0.0236761883101189,0.155498492421976,-0.438013704743738
0.828173066247737,1,-0.806542800030286,-0.314066587147126,-0.607055622149939,-0.428808385780631,-0.197927639590427,0.0227470774020919
-0.853901440444587,-0.806542800030286,1,-0.0787051957820086,0.623148380466212,0.169635966533981,0.26984780787486,0.379999505426968
-0.0407085579015534,-0.314066587147126,-0.0787051957820086,1,0.0245871733807285,0.413755489750694,-0.00776704438439791,-0.621819074246155
-0.834662136330854,-0.607055622149939,0.623148380466212,0.0245871733807285,1,0.0334259500307697,-0.42448113962905,0.253950835651561
0.0236761883101189,-0.428808385780631,0.169635966533981,0.413755489750694,0.0334259500307697,1,0.25154563881685,-0.57074241520347
0.155498492421976,-0.197927639590427,0.26984780787486,-0.00776704438439791,-0.42448113962905,0.25154563881685,1,-0.337884639496268
-0.438013704743738,0.0227470774020919,0.379999505426968,-0.621819074246155,0.253950835651561,-0.57074241520347,-0.337884639496268,1
