"V1","V2","V3","V4","V5","V6","V7","V8"
1,0.390450519528997,0.713525217955304,-0.286206865731725,-0.225957897503707,0.960048030674974,-0.396018214484272,-0.760631288254092
0.390450519528997,1,0.92328178480056,0.703767067741938,0.480757639151102,0.157753617979835,-0.924287825699908,-0.547881599757687
0.713525217955304,0.92328178480056,1,0.407910337738672,0.254674488461903,0.516503377159149,-0.876531768786918,-0.746790529592034
-0.286206865731725,0.703767067741938,0.407910337738672,1,0.887155388443247,-0.428639842876975,-0.488524010928107,0.191482692792781
-0.225957897503707,0.480757639151102,0.254674488461903,0.887155388443247,1,-0.249230545635092,-0.141245193032218,0.447099945321155
0.960048030674974,0.157753617979835,0.516503377159149,-0.428639842876975,-0.249230545635092,1,-0.125830612587669,-0.577205810993816
-0.396018214484272,-0.924287825699908,-0.876531768786918,-0.488524010928107,-0.141245193032218,-0.125830612587669,1,0.752833793560283
-0.760631288254092,-0.547881599757687,-0.746790529592034,0.191482692792781,0.447099945321155,-0.577205810993816,0.752833793560283,1
