"V1","V2","V3","V4","V5","V6","V7","V8"
46.85,30.06,27.26,37.71,78.16,99.42,95.85,4.12
72.98,10.19,0.73,50.2,28.67,83.57,80.2,5.59
74.47,19.07,91.79,33.22,38.76,72.69,70.49,89.68
89.08,25.77,84.05,78.55,58.47,40.74,74.34,62.15
